Below is A:
A[0][0] is block:
0.000000 0.000985 0.041631 0.176643 0.364602 0.091331 0.092298 0.487217 0.526750 0.454433 
0.233178 0.831292 0.931731 0.568060 0.556094 0.050832 0.767051 0.018915 0.252360 0.298197 
0.875981 0.531557 0.920261 0.515431 0.810429 0.188420 0.886314 0.570614 0.076775 0.815274 
0.984891 0.118352 0.893906 0.784484 0.100916 0.253311 0.019842 0.378377 0.678877 0.680923 
0.752707 0.006229 0.624407 0.126462 0.617550 0.770928 0.186536 0.496722 0.509500 0.315939 
0.701703 0.367247 0.876312 0.370995 0.525252 0.427835 0.542743 0.667979 0.171142 0.830779 
0.861905 0.769221 0.052579 0.966730 0.334284 0.082097 0.270315 0.074262 0.676226 0.810159 
0.464211 0.569185 0.512203 0.586510 0.738759 0.871689 0.577967 0.964704 0.333529 0.392828 
0.176928 0.111869 0.852681 0.811172 0.954887 0.904283 0.138915 0.686187 0.126987 0.004090 
0.000503 0.192952 0.586780 0.374959 0.026786 0.464765 0.785343 0.442235 0.287904 0.853353 


Below is B:
B[0][0] is block:
0.525972 0.728417 0.266314 0.783484 0.468044 0.196997 0.447177 0.728440 0.966093 0.756841 
0.466057 0.868966 0.134039 0.846053 0.018088 0.940855 0.670082 0.799972 0.143217 0.610460 
0.908283 0.774415 0.366065 0.944288 0.884822 0.445171 0.163028 0.424817 0.479854 0.031128 
0.608430 0.792261 0.182497 0.525121 0.898759 0.308790 0.942626 0.388025 0.930512 0.911384 
0.337718 0.532812 0.702077 0.971011 0.768085 0.751941 0.090864 0.853967 0.174644 0.019770 
0.419054 0.296370 0.378232 0.418716 0.138448 0.380847 0.299780 0.021012 0.238803 0.037109 
0.221059 0.525435 0.494525 0.882522 0.773830 0.059002 0.119801 0.547801 0.341916 0.456812 
0.588122 0.585150 0.069927 0.818931 0.403161 0.585483 0.191161 0.892277 0.176332 0.207704 
0.115748 0.158915 0.992644 0.681571 0.811796 0.642215 0.329342 0.737553 0.823483 0.721261 
0.657982 0.358774 0.610365 0.415004 0.814954 0.773965 0.274311 0.044742 0.601041 0.514091 

mutiplied 1x1 matrix block with 1x1 matrix block with blockSize 10
Below is C:
C[0][0] is:
0.974078 0.974714 1.218090 1.553240 1.554109 1.363654 0.636795 1.294425 1.094345 0.930388 
2.317186 2.936365 1.841076 3.613572 2.942379 2.304957 1.674861 2.563597 2.081911 1.933198 
3.287434 3.812948 2.427756 4.781682 3.988335 2.989351 1.978101 3.438084 2.987043 2.506786 
2.756171 2.846882 2.040975 3.404552 3.345637 2.303611 1.975116 2.467420 3.247289 2.499200 
2.174729 2.277943 2.003673 3.223259 2.615317 2.102690 1.220759 2.346497 2.198151 1.467279 
2.997849 3.210772 2.147251 4.059391 3.411830 2.722343 1.705395 2.835435 2.633746 2.084132 
2.309853 2.888929 2.098675 3.338848 3.049145 2.618815 2.367212 2.677187 3.094935 3.057396 
2.938494 3.408150 2.266944 4.409695 3.323093 3.040730 2.025048 3.328812 2.537193 2.203138 
2.566299 2.802015 1.779950 3.543036 2.917545 2.327256 1.606332 2.512015 2.009153 1.320141 
2.083608 2.094859 1.729759 2.740858 2.660015 1.906406 1.227914 1.657463 1.870743 1.592907 

