200
100
 10.00  10.00  10.00  10.00  10.00  10.00  10.00  10.00  10.00  10.00  10.00  10.00  10.00  10.00  10.00  10.00  10.00  10.00  10.00  10.00  10.00  10.00  10.00  10.00  10.00  10.00  10.00  10.00  10.00  10.00  10.00  10.00  10.00  10.00  10.00  10.00  10.00  10.00  10.00  10.00  10.00  10.00  10.00  10.00  10.00  10.00  10.00  10.00  10.00  10.00  10.00  10.00  10.00  10.00  10.00  10.00  10.00  10.00  10.00  10.00  10.00  10.00  10.00  10.00  10.00  10.00  10.00  10.00  10.00  10.00  10.00  10.00  10.00  10.00  10.00  10.00  10.00  10.00  10.00  10.00  10.00  10.00  10.00  10.00  10.00  10.00  10.00  10.00  10.00  10.00  10.00  10.00  10.00  10.00  10.00  10.00  10.00  10.00  10.00  10.00 
 10.00  10.00   9.99   9.99   9.99   9.98   9.98   9.98   9.97   9.97   9.97   9.96   9.96   9.96   9.95   9.95   9.95   9.95   9.94   9.94   9.94   9.94   9.93   9.93   9.93   9.93   9.93   9.92   9.92   9.92   9.92   9.92   9.92   9.92   9.92   9.91   9.91   9.91   9.91   9.91   9.91   9.91   9.91   9.91   9.91   9.91   9.91   9.91   9.91   9.91   9.90   9.90   9.90   9.90   9.90   9.90   9.90   9.90   9.90   9.90   9.90   9.90   9.89   9.89   9.89   9.89   9.89   9.89   9.88   9.88   9.88   9.88   9.87   9.87   9.86   9.86   9.86   9.85   9.84   9.84   9.83   9.82   9.81   9.80   9.79   9.77   9.75   9.73   9.71   9.68   9.65   9.60   9.55   9.47   9.36   9.21   8.95   8.49   7.50   5.00 
 10.00   9.99   9.99   9.98   9.97   9.96   9.96   9.95   9.94   9.94   9.93   9.93   9.92   9.91   9.91   9.90   9.90   9.89   9.89   9.88   9.88   9.87   9.87   9.86   9.86   9.86   9.85   9.85   9.85   9.84   9.84   9.84   9.84   9.83   9.83   9.83   9.83   9.83   9.82   9.82   9.82   9.82   9.82   9.82   9.82   9.82   9.81   9.81   9.81   9.81   9.81   9.81   9.81   9.81   9.81   9.80   9.80   9.80   9.80   9.80   9.79   9.79   9.79   9.79   9.78   9.78   9.78   9.77   9.77   9.76   9.76   9.75   9.75   9.74   9.73   9.72   9.71   9.70   9.69   9.67   9.66   9.64   9.62   9.60   9.57   9.54   9.51   9.47   9.42   9.37   9.30   9.22   9.11   8.97   8.78   8.51   8.12   7.50   6.51   5.00 
 10.00   9.99   9.98   9.97   9.96   9.95   9.94   9.93   9.92   9.91   9.90   9.89   9.88   9.87   9.86   9.85   9.84   9.84   9.83   9.82   9.81   9.81   9.80   9.80   9.79   9.78   9.78   9.77   9.77   9.77   9.76   9.76   9.75   9.75   9.75   9.74   9.74   9.74   9.74   9.73   9.73   9.73   9.73   9.73   9.73   9.72   9.72   9.72   9.72   9.72   9.72   9.71   9.71   9.71   9.71   9.71   9.70   9.70   9.70   9.70   9.69   9.69   9.69   9.68   9.68   9.67   9.67   9.66   9.65   9.65   9.64   9.63   9.62   9.61   9.60   9.58   9.57   9.55   9.53   9.51   9.49   9.46   9.44   9.40   9.37   9.32   9.27   9.22   9.15   9.07   8.97   8.85   8.71   8.52   8.27   7.95   7.50   6.88   6.05   5.00 
 10.00   9.99   9.97   9.96   9.94   9.93   9.92   9.90   9.89   9.88   9.86   9.85   9.84   9.83   9.82   9.80   9.79   9.78   9.77   9.76   9.75   9.74   9.74   9.73   9.72   9.71   9.71   9.70   9.69   9.69   9.68   9.68   9.67   9.67   9.66   9.66   9.66   9.65   9.65   9.65   9.64   9.64   9.64   9.64   9.63   9.63   9.63   9.63   9.63   9.62   9.62   9.62   9.62   9.61   9.61   9.61   9.61   9.60   9.60   9.60   9.59   9.59   9.58   9.58   9.57   9.56   9.56   9.55   9.54   9.53   9.52   9.51   9.49   9.48   9.46   9.45   9.43   9.41   9.38   9.35   9.32   9.29   9.25   9.21   9.16   9.11   9.04   8.97   8.89   8.78   8.66   8.52   8.34   8.12   7.85   7.50   7.05   6.49   5.79   5.00 
 10.00   9.98   9.96   9.95   9.93   9.91   9.90   9.88   9.86   9.85   9.83   9.81   9.80   9.78   9.77   9.76   9.74   9.73   9.72   9.70   9.69   9.68   9.67   9.66   9.65   9.64   9.63   9.63   9.62   9.61   9.60   9.60   9.59   9.59   9.58   9.58   9.57   9.57   9.56   9.56   9.56   9.55   9.55   9.55   9.54   9.54   9.54   9.54   9.53   9.53   9.53   9.53   9.52   9.52   9.52   9.51   9.51   9.51   9.50   9.50   9.49   9.49   9.48   9.47   9.47   9.46   9.45   9.44   9.43   9.42   9.40   9.39   9.37   9.35   9.33   9.31   9.29   9.26   9.23   9.20   9.16   9.12   9.08   9.02   8.97   8.90   8.82   8.74   8.64   8.52   8.38   8.22   8.02   7.79   7.50   7.15   6.73   6.22   5.64   5.00 
 10.00   9.98   9.96   9.94   9.92   9.90   9.88   9.86   9.84   9.82   9.80   9.78   9.76   9.74   9.73   9.71   9.69   9.68   9.66   9.65   9.63   9.62   9.61   9.60   9.58   9.57   9.56   9.55   9.54   9.54   9.53   9.52   9.51   9.51   9.50   9.49   9.49   9.48   9.48   9.47   9.47   9.47   9.46   9.46   9.46   9.45   9.45   9.45   9.44   9.44   9.44   9.43   9.43   9.43   9.42   9.42   9.41   9.41   9.40   9.40   9.39   9.39   9.38   9.37   9.36   9.35   9.34   9.33   9.32   9.30   9.29   9.27   9.25   9.23   9.21   9.18   9.15   9.12   9.09   9.05   9.01   8.96   8.90   8.84   8.78   8.70   8.62   8.52   8.41   8.28   8.13   7.95   7.74   7.50   7.21   6.88   6.48   6.03   5.53   5.00 
 10.00   9.98   9.95   9.93   9.90   9.88   9.86   9.83   9.81   9.79   9.76   9.74   9.72   9.70   9.68   9.66   9.64   9.62   9.61   9.59   9.57   9.56   9.54   9.53   9.52   9.50   9.49   9.48   9.47   9.46   9.45   9.44   9.43   9.43   9.42   9.41   9.41   9.40   9.40   9.39   9.39   9.38   9.38   9.37   9.37   9.36   9.36   9.36   9.35   9.35   9.35   9.34   9.34   9.33   9.33   9.33   9.32   9.31   9.31   9.30   9.30   9.29   9.28   9.27   9.26   9.25   9.24   9.22   9.21   9.19   9.17   9.15   9.13   9.11   9.08   9.05   9.02   8.98   8.94   8.90   8.85   8.80   8.74   8.67   8.60   8.51   8.42   8.31   8.19   8.05   7.89   7.71   7.50   7.26   6.98   6.66   6.29   5.89   5.45   5.00 
 10.00   9.97   9.94   9.92   9.89   9.86   9.84   9.81   9.78   9.76   9.73   9.71   9.68   9.66   9.64   9.62   9.59   9.57   9.55   9.53   9.52   9.50   9.48   9.47   9.45   9.44   9.42   9.41   9.40   9.39   9.38   9.37   9.36   9.35   9.34   9.33   9.33   9.32   9.31   9.31   9.30   9.30   9.29   9.29   9.28   9.28   9.27   9.27   9.27   9.26   9.26   9.25   9.25   9.24   9.24   9.23   9.23   9.22   9.21   9.21   9.20   9.19   9.18   9.17   9.16   9.15   9.13   9.12   9.10   9.08   9.06   9.04   9.02   8.99   8.96   8.93   8.89   8.85   8.81   8.76   8.71   8.65   8.58   8.51   8.43   8.34   8.24   8.12   7.99   7.85   7.69   7.50   7.29   7.05   6.78   6.48   6.15   5.78   5.40   5.00 
 10.00   9.97   9.94   9.91   9.88   9.85   9.82   9.79   9.76   9.73   9.70   9.67   9.65   9.62   9.59   9.57   9.55   9.52   9.50   9.48   9.46   9.44   9.42   9.40   9.39   9.37   9.36   9.34   9.33   9.32   9.30   9.29   9.28   9.27   9.26   9.25   9.25   9.24   9.23   9.22   9.22   9.21   9.21   9.20   9.20   9.19   9.19   9.18   9.18   9.17   9.17   9.16   9.16   9.15   9.15   9.14   9.14   9.13   9.12   9.11   9.11   9.10   9.08   9.07   9.06   9.05   9.03   9.01   9.00   8.98   8.95   8.93   8.90   8.87   8.84   8.80   8.77   8.72   8.67   8.62   8.57   8.50   8.43   8.35   8.27   8.17   8.07   7.95   7.81   7.67   7.50   7.31   7.11   6.87   6.62   6.34   6.03   5.70   5.35   5.00 
 10.00   9.97   9.93   9.90   9.86   9.83   9.80   9.76   9.73   9.70   9.67   9.64   9.61   9.58   9.55   9.53   9.50   9.47   9.45   9.43   9.40   9.38   9.36   9.34   9.32   9.31   9.29   9.27   9.26   9.24   9.23   9.22   9.21   9.20   9.19   9.18   9.17   9.16   9.15   9.14   9.14   9.13   9.13   9.12   9.11   9.11   9.10   9.10   9.09   9.09   9.08   9.08   9.07   9.07   9.06   9.05   9.05   9.04   9.03   9.02   9.01   9.00   8.99   8.98   8.96   8.95   8.93   8.91   8.89   8.87   8.85   8.82   8.79   8.76   8.73   8.69   8.64   8.60   8.55   8.49   8.43   8.36   8.29   8.21   8.12   8.02   7.91   7.79   7.65   7.50   7.33   7.15   6.95   6.72   6.48   6.22   5.93   5.63   5.32   5.00 
 10.00   9.96   9.93   9.89   9.85   9.81   9.78   9.74   9.71   9.67   9.64   9.61   9.57   9.54   9.51   9.48   9.45   9.43   9.40   9.37   9.35   9.33   9.30   9.28   9.26   9.24   9.22   9.21   9.19   9.17   9.16   9.15   9.13   9.12   9.11   9.10   9.09   9.08   9.07   9.07   9.06   9.05   9.05   9.04   9.03   9.03   9.02   9.02   9.01   9.00   9.00   8.99   8.99   8.98   8.97   8.97   8.96   8.95   8.94   8.93   8.92   8.91   8.90   8.89   8.87   8.85   8.84   8.82   8.79   8.77   8.75   8.72   8.69   8.65   8.61   8.57   8.53   8.48   8.43   8.37   8.30   8.23   8.15   8.07   7.98   7.87   7.76   7.64   7.50   7.35   7.19   7.01   6.81   6.59   6.36   6.11   5.85   5.58   5.29   5.00 
 10.00   9.96   9.92   9.88   9.84   9.80   9.76   9.72   9.68   9.65   9.61   9.57   9.54   9.50   9.47   9.44   9.41   9.38   9.35   9.32   9.30   9.27   9.25   9.22   9.20   9.18   9.16   9.14   9.12   9.11   9.09   9.08   9.06   9.05   9.04   9.03   9.02   9.01   9.00   8.99   8.98   8.97   8.97   8.96   8.95   8.95   8.94   8.94   8.93   8.92   8.92   8.91   8.90   8.90   8.89   8.88   8.88   8.87   8.86   8.85   8.84   8.82   8.81   8.80   8.78   8.76   8.74   8.72   8.70   8.67   8.65   8.62   8.58   8.55   8.51   8.46   8.42   8.37   8.31   8.25   8.18   8.11   8.03   7.94   7.84   7.74   7.62   7.50   7.36   7.21   7.05   6.88   6.69   6.48   6.26   6.03   5.78   5.53   5.27   5.00 
 10.00   9.96   9.91   9.87   9.83   9.78   9.74   9.70   9.66   9.62   9.58   9.54   9.50   9.47   9.43   9.40   9.36   9.33   9.30   9.27   9.24   9.22   9.19   9.17   9.14   9.12   9.10   9.08   9.06   9.04   9.02   9.01   8.99   8.98   8.97   8.96   8.94   8.93   8.92   8.92   8.91   8.90   8.89   8.88   8.88   8.87   8.86   8.86   8.85   8.84   8.84   8.83   8.82   8.82   8.81   8.80   8.79   8.78   8.77   8.76   8.75   8.74   8.72   8.71   8.69   8.67   8.65   8.63   8.61   8.58   8.55   8.52   8.48   8.45   8.40   8.36   8.31   8.26   8.20   8.13   8.06   7.99   7.91   7.82   7.72   7.62   7.50   7.38   7.24   7.09   6.93   6.76   6.58   6.38   6.18   5.96   5.73   5.49   5.25   5.00 
 10.00   9.95   9.91   9.86   9.82   9.77   9.73   9.68   9.64   9.59   9.55   9.51   9.47   9.43   9.39   9.36   9.32   9.29   9.25   9.22   9.19   9.16   9.14   9.11   9.08   9.06   9.04   9.02   9.00   8.98   8.96   8.94   8.93   8.91   8.90   8.89   8.87   8.86   8.85   8.84   8.83   8.83   8.82   8.81   8.80   8.79   8.79   8.78   8.77   8.77   8.76   8.75   8.75   8.74   8.73   8.72   8.71   8.70   8.69   8.68   8.67   8.65   8.64   8.62   8.61   8.59   8.56   8.54   8.52   8.49   8.46   8.42   8.39   8.35   8.31   8.26   8.21   8.15   8.09   8.03   7.96   7.88   7.80   7.70   7.61   7.50   7.39   7.26   7.13   6.98   6.83   6.66   6.49   6.30   6.10   5.89   5.68   5.46   5.23   5.00 
 10.00   9.95   9.90   9.85   9.80   9.76   9.71   9.66   9.62   9.57   9.53   9.48   9.44   9.40   9.36   9.32   9.28   9.24   9.21   9.18   9.14   9.11   9.08   9.06   9.03   9.00   8.98   8.96   8.94   8.92   8.90   8.88   8.86   8.85   8.83   8.82   8.81   8.79   8.78   8.77   8.76   8.75   8.75   8.74   8.73   8.72   8.71   8.71   8.70   8.69   8.69   8.68   8.67   8.66   8.65   8.64   8.64   8.62   8.61   8.60   8.59   8.57   8.56   8.54   8.52   8.50   8.48   8.46   8.43   8.40   8.37   8.33   8.30   8.26   8.21   8.16   8.11   8.05   7.99   7.93   7.85   7.77   7.69   7.60   7.50   7.39   7.28   7.16   7.02   6.88   6.73   6.57   6.40   6.22   6.03   5.84   5.63   5.43   5.21   5.00 
 10.00   9.95   9.90   9.84   9.79   9.74   9.69   9.64   9.59   9.55   9.50   9.45   9.41   9.36   9.32   9.28   9.24   9.20   9.17   9.13   9.10   9.06   9.03   9.00   8.98   8.95   8.92   8.90   8.88   8.86   8.84   8.82   8.80   8.78   8.77   8.75   8.74   8.73   8.72   8.71   8.69   8.69   8.68   8.67   8.66   8.65   8.64   8.64   8.63   8.62   8.61   8.61   8.60   8.59   8.58   8.57   8.56   8.55   8.54   8.53   8.51   8.50   8.48   8.46   8.44   8.42   8.40   8.37   8.35   8.32   8.28   8.25   8.21   8.17   8.12   8.07   8.02   7.96   7.90   7.83   7.76   7.68   7.59   7.50   7.40   7.30   7.18   7.06   6.93   6.79   6.65   6.49   6.33   6.16   5.98   5.79   5.60   5.40   5.20   5.00 
 10.00   9.95   9.89   9.84   9.78   9.73   9.68   9.62   9.57   9.52   9.47   9.43   9.38   9.33   9.29   9.24   9.20   9.16   9.12   9.09   9.05   9.02   8.98   8.95   8.92   8.90   8.87   8.84   8.82   8.80   8.78   8.76   8.74   8.72   8.71   8.69   8.68   8.66   8.65   8.64   8.63   8.62   8.61   8.60   8.59   8.58   8.57   8.57   8.56   8.55   8.54   8.54   8.53   8.52   8.51   8.50   8.49   8.48   8.46   8.45   8.44   8.42   8.41   8.39   8.37   8.34   8.32   8.29   8.27   8.24   8.20   8.17   8.13   8.08   8.04   7.99   7.93   7.87   7.81   7.74   7.67   7.59   7.50   7.41   7.31   7.21   7.09   6.97   6.85   6.71   6.57   6.42   6.26   6.10   5.92   5.75   5.56   5.38   5.19   5.00 
 10.00   9.94   9.89   9.83   9.77   9.72   9.66   9.61   9.55   9.50   9.45   9.40   9.35   9.30   9.25   9.21   9.17   9.12   9.08   9.04   9.01   8.97   8.94   8.90   8.87   8.84   8.82   8.79   8.77   8.74   8.72   8.70   8.68   8.66   8.65   8.63   8.62   8.60   8.59   8.58   8.57   8.55   8.54   8.54   8.53   8.52   8.51   8.50   8.49   8.48   8.48   8.47   8.46   8.45   8.44   8.43   8.42   8.41   8.39   8.38   8.37   8.35   8.33   8.31   8.29   8.27   8.25   8.22   8.19   8.16   8.12   8.09   8.05   8.00   7.95   7.90   7.85   7.79   7.72   7.65   7.58   7.50   7.41   7.32   7.23   7.12   7.01   6.89   6.77   6.64   6.50   6.35   6.20   6.04   5.88   5.71   5.54   5.36   5.18   5.00 
 10.00   9.94   9.88   9.82   9.76   9.70   9.65   9.59   9.53   9.48   9.43   9.37   9.32   9.27   9.22   9.18   9.13   9.09   9.04   9.00   8.96   8.93   8.89   8.86   8.83   8.79   8.77   8.74   8.71   8.69   8.67   8.64   8.62   8.61   8.59   8.57   8.56   8.54   8.53   8.52   8.50   8.49   8.48   8.47   8.46   8.45   8.45   8.44   8.43   8.42   8.41   8.40   8.39   8.38   8.37   8.36   8.35   8.34   8.33   8.31   8.30   8.28   8.26   8.24   8.22   8.20   8.17   8.15   8.12   8.08   8.05   8.01   7.97   7.93   7.88   7.83   7.77   7.71   7.64   7.57   7.50   7.42   7.34   7.24   7.15   7.04   6.94   6.82   6.70   6.57   6.43   6.29   6.15   5.99   5.84   5.68   5.51   5.34   5.17   5.00 
 10.00   9.94   9.88   9.81   9.75   9.69   9.63   9.57   9.52   9.46   9.40   9.35   9.30   9.24   9.19   9.14   9.10   9.05   9.01   8.96   8.92   8.89   8.85   8.81   8.78   8.75   8.72   8.69   8.66   8.64   8.61   8.59   8.57   8.55   8.53   8.52   8.50   8.49   8.47   8.46   8.45   8.43   8.42   8.41   8.40   8.39   8.39   8.38   8.37   8.36   8.35   8.34   8.33   8.32   8.31   8.30   8.29   8.28   8.26   8.25   8.23   8.22   8.20   8.18   8.16   8.13   8.11   8.08   8.05   8.02   7.98   7.94   7.90   7.85   7.80   7.75   7.70   7.64   7.57   7.50   7.43   7.35   7.26   7.17   7.08   6.97   6.87   6.75   6.63   6.51   6.38   6.24   6.10   5.95   5.80   5.65   5.49   5.33   5.16   5.00 
 10.00   9.94   9.87   9.81   9.75   9.68   9.62   9.56   9.50   9.44   9.38   9.33   9.27   9.22   9.16   9.11   9.06   9.02   8.97   8.93   8.89   8.85   8.81   8.77   8.74   8.70   8.67   8.64   8.61   8.59   8.56   8.54   8.52   8.50   8.48   8.46   8.45   8.43   8.42   8.40   8.39   8.38   8.37   8.36   8.35   8.34   8.33   8.32   8.31   8.30   8.29   8.28   8.27   8.26   8.25   8.24   8.23   8.22   8.20   8.19   8.17   8.15   8.13   8.11   8.09   8.07   8.04   8.01   7.98   7.95   7.91   7.87   7.83   7.79   7.74   7.68   7.63   7.57   7.50   7.43   7.36   7.28   7.19   7.10   7.01   6.91   6.80   6.69   6.57   6.45   6.33   6.19   6.06   5.91   5.77   5.62   5.47   5.31   5.16   5.00 
 10.00   9.93   9.87   9.80   9.74   9.67   9.61   9.54   9.48   9.42   9.36   9.30   9.25   9.19   9.14   9.08   9.03   8.98   8.94   8.89   8.85   8.81   8.77   8.73   8.69   8.66   8.63   8.60   8.57   8.54   8.52   8.49   8.47   8.45   8.43   8.41   8.39   8.38   8.36   8.35   8.34   8.32   8.31   8.30   8.29   8.28   8.27   8.26   8.25   8.24   8.23   8.22   8.21   8.20   8.19   8.18   8.17   8.16   8.14   8.13   8.11   8.09   8.07   8.05   8.03   8.01   7.98   7.95   7.92   7.89   7.85   7.81   7.77   7.72   7.67   7.62   7.56   7.50   7.44   7.37   7.29   7.21   7.13   7.04   6.95   6.85   6.74   6.64   6.52   6.40   6.28   6.15   6.02   5.88   5.74   5.59   5.45   5.30   5.15   5.00 
 10.00   9.93   9.86   9.80   9.73   9.66   9.60   9.53   9.47   9.40   9.34   9.28   9.22   9.17   9.11   9.06   9.00   8.95   8.90   8.86   8.81   8.77   8.73   8.69   8.65   8.62   8.59   8.55   8.52   8.50   8.47   8.45   8.42   8.40   8.38   8.36   8.35   8.33   8.31   8.30   8.29   8.27   8.26   8.25   8.24   8.23   8.22   8.21   8.20   8.19   8.18   8.17   8.16   8.15   8.14   8.13   8.12   8.10   8.09   8.07   8.06   8.04   8.02   8.00   7.97   7.95   7.92   7.89   7.86   7.83   7.79   7.75   7.71   7.66   7.61   7.56   7.50   7.44   7.37   7.31   7.23   7.15   7.07   6.98   6.89   6.79   6.69   6.58   6.47   6.36   6.24   6.11   5.98   5.85   5.71   5.57   5.43   5.29   5.14   5.00 
 10.00   9.93   9.86   9.79   9.72   9.65   9.58   9.52   9.45   9.39   9.32   9.26   9.20   9.14   9.08   9.03   8.98   8.92   8.87   8.83   8.78   8.74   8.69   8.65   8.62   8.58   8.55   8.51   8.48   8.45   8.43   8.40   8.38   8.36   8.34   8.32   8.30   8.28   8.27   8.25   8.24   8.23   8.21   8.20   8.19   8.18   8.17   8.16   8.15   8.14   8.13   8.12   8.11   8.10   8.09   8.08   8.06   8.05   8.03   8.02   8.00   7.98   7.96   7.94   7.92   7.89   7.87   7.84   7.81   7.77   7.73   7.69   7.65   7.60   7.55   7.50   7.44   7.38   7.32   7.25   7.18   7.10   7.02   6.93   6.84   6.74   6.64   6.54   6.43   6.31   6.20   6.07   5.95   5.82   5.69   5.55   5.42   5.28   5.14   5.00 
 10.00   9.93   9.86   9.78   9.71   9.64   9.57   9.51   9.44   9.37   9.31   9.24   9.18   9.12   9.06   9.00   8.95   8.90   8.84   8.80   8.75   8.70   8.66   8.62   8.58   8.54   8.51   8.48   8.44   8.41   8.39   8.36   8.34   8.31   8.29   8.27   8.26   8.24   8.22   8.21   8.19   8.18   8.17   8.15   8.14   8.13   8.12   8.11   8.10   8.09   8.08   8.07   8.06   8.05   8.04   8.03   8.01   8.00   7.99   7.97   7.95   7.93   7.91   7.89   7.87   7.84   7.82   7.79   7.75   7.72   7.68   7.64   7.60   7.55   7.50   7.45   7.39   7.33   7.26   7.20   7.12   7.05   6.97   6.88   6.79   6.70   6.60   6.49   6.39   6.28   6.16   6.04   5.92   5.79   5.67   5.54   5.40   5.27   5.14   5.00 
 10.00   9.93   9.85   9.78   9.71   9.63   9.56   9.49   9.42   9.36   9.29   9.22   9.16   9.10   9.04   8.98   8.92   8.87   8.82   8.77   8.72   8.67   8.63   8.59   8.55   8.51   8.47   8.44   8.41   8.38   8.35   8.32   8.30   8.27   8.25   8.23   8.21   8.20   8.18   8.16   8.15   8.14   8.12   8.11   8.10   8.09   8.08   8.07   8.06   8.05   8.04   8.03   8.02   8.00   7.99   7.98   7.97   7.95   7.94   7.92   7.90   7.89   7.87   7.84   7.82   7.79   7.77   7.74   7.70   7.67   7.63   7.59   7.55   7.50   7.45   7.40   7.34   7.28   7.22   7.15   7.08   7.00   6.92   6.83   6.75   6.65   6.56   6.45   6.35   6.24   6.13   6.01   5.89   5.77   5.65   5.52   5.39   5.26   5.13   5.00 
 10.00   9.92   9.85   9.77   9.70   9.63   9.55   9.48   9.41   9.34   9.27   9.21   9.14   9.08   9.02   8.96   8.90   8.84   8.79   8.74   8.69   8.64   8.60   8.56   8.51   8.48   8.44   8.40   8.37   8.34   8.31   8.29   8.26   8.24   8.21   8.19   8.17   8.16   8.14   8.12   8.11   8.09   8.08   8.07   8.06   8.05   8.04   8.02   8.01   8.00   7.99   7.98   7.97   7.96   7.95   7.94   7.92   7.91   7.89   7.88   7.86   7.84   7.82   7.80   7.77   7.75   7.72   7.69   7.66   7.62   7.59   7.54   7.50   7.45   7.40   7.35   7.29   7.23   7.17   7.10   7.03   6.96   6.88   6.79   6.70   6.61   6.52   6.42   6.32   6.21   6.10   5.99   5.87   5.75   5.63   5.51   5.38   5.25   5.13   5.00 
 10.00   9.92   9.85   9.77   9.69   9.62   9.54   9.47   9.40   9.33   9.26   9.19   9.12   9.06   9.00   8.94   8.88   8.82   8.77   8.71   8.66   8.62   8.57   8.53   8.48   8.44   8.41   8.37   8.34   8.31   8.28   8.25   8.22   8.20   8.18   8.16   8.14   8.12   8.10   8.09   8.07   8.06   8.04   8.03   8.02   8.01   8.00   7.98   7.97   7.96   7.95   7.94   7.93   7.92   7.91   7.89   7.88   7.87   7.85   7.84   7.82   7.80   7.78   7.76   7.73   7.71   7.68   7.65   7.62   7.58   7.54   7.50   7.46   7.41   7.36   7.31   7.25   7.19   7.13   7.06   6.99   6.92   6.84   6.75   6.67   6.58   6.48   6.39   6.28   6.18   6.07   5.96   5.85   5.73   5.61   5.49   5.37   5.25   5.12   5.00 
 10.00   9.92   9.84   9.77   9.69   9.61   9.54   9.46   9.39   9.32   9.25   9.18   9.11   9.04   8.98   8.92   8.86   8.80   8.74   8.69   8.64   8.59   8.54   8.50   8.46   8.42   8.38   8.34   8.31   8.28   8.25   8.22   8.19   8.17   8.14   8.12   8.10   8.08   8.07   8.05   8.03   8.02   8.01   7.99   7.98   7.97   7.96   7.95   7.94   7.93   7.92   7.90   7.89   7.88   7.87   7.86   7.84   7.83   7.81   7.80   7.78   7.76   7.74   7.72   7.69   7.67   7.64   7.61   7.58   7.54   7.50   7.46   7.42   7.37   7.32   7.27   7.21   7.15   7.09   7.02   6.95   6.88   6.80   6.72   6.63   6.54   6.45   6.36   6.26   6.15   6.05   5.94   5.83   5.71   5.60   5.48   5.36   5.24   5.12   5.00 
 10.00   9.92   9.84   9.76   9.68   9.61   9.53   9.45   9.38   9.30   9.23   9.16   9.09   9.03   8.96   8.90   8.84   8.78   8.72   8.67   8.62   8.57   8.52   8.47   8.43   8.39   8.35   8.31   8.28   8.25   8.22   8.19   8.16   8.14   8.11   8.09   8.07   8.05   8.03   8.02   8.00   7.99   7.97   7.96   7.95   7.94   7.92   7.91   7.90   7.89   7.88   7.87   7.86   7.85   7.83   7.82   7.81   7.79   7.78   7.76   7.74   7.72   7.70   7.68   7.66   7.63   7.60   7.57   7.54   7.50   7.46   7.42   7.38   7.33   7.28   7.23   7.18   7.12   7.05   6.99   6.92   6.84   6.77   6.69   6.60   6.51   6.42   6.33   6.23   6.13   6.03   5.92   5.81   5.70   5.59   5.47   5.35   5.24   5.12   5.00 
 10.00   9.92   9.84   9.76   9.68   9.60   9.52   9.44   9.37   9.29   9.22   9.15   9.08   9.01   8.94   8.88   8.82   8.76   8.70   8.65   8.59   8.54   8.49   8.45   8.40   8.36   8.32   8.29   8.25   8.22   8.19   8.16   8.13   8.11   8.08   8.06   8.04   8.02   8.00   7.99   7.97   7.95   7.94   7.93   7.91   7.90   7.89   7.88   7.87   7.86   7.85   7.84   7.82   7.81   7.80   7.79   7.77   7.76   7.74   7.73   7.71   7.69   7.67   7.65   7.62   7.59   7.57   7.54   7.50   7.47   7.43   7.39   7.35   7.30   7.25   7.20   7.14   7.08   7.02   6.95   6.89   6.81   6.74   6.66   6.57   6.49   6.40   6.30   6.21   6.11   6.01   5.90   5.79   5.68   5.57   5.46   5.35   5.23   5.12   5.00 
 10.00   9.92   9.84   9.75   9.67   9.59   9.51   9.44   9.36   9.28   9.21   9.14   9.07   9.00   8.93   8.86   8.80   8.74   8.68   8.63   8.57   8.52   8.47   8.43   8.38   8.34   8.30   8.26   8.23   8.19   8.16   8.13   8.10   8.08   8.05   8.03   8.01   7.99   7.97   7.96   7.94   7.92   7.91   7.90   7.88   7.87   7.86   7.85   7.84   7.83   7.82   7.80   7.79   7.78   7.77   7.76   7.74   7.73   7.71   7.69   7.68   7.66   7.64   7.61   7.59   7.56   7.53   7.50   7.47   7.44   7.40   7.36   7.31   7.27   7.22   7.17   7.11   7.05   6.99   6.92   6.86   6.78   6.71   6.63   6.55   6.46   6.37   6.28   6.19   6.09   5.99   5.88   5.78   5.67   5.56   5.45   5.34   5.23   5.11   5.00 
 10.00   9.92   9.83   9.75   9.67   9.59   9.51   9.43   9.35   9.27   9.20   9.12   9.05   8.98   8.92   8.85   8.79   8.72   8.67   8.61   8.55   8.50   8.45   8.40   8.36   8.32   8.28   8.24   8.20   8.17   8.14   8.11   8.08   8.05   8.03   8.01   7.98   7.96   7.95   7.93   7.91   7.90   7.88   7.87   7.86   7.84   7.83   7.82   7.81   7.80   7.79   7.78   7.76   7.75   7.74   7.73   7.71   7.70   7.68   7.66   7.65   7.63   7.61   7.58   7.56   7.53   7.50   7.47   7.44   7.41   7.37   7.33   7.28   7.24   7.19   7.14   7.08   7.02   6.96   6.90   6.83   6.76   6.68   6.60   6.52   6.44   6.35   6.26   6.17   6.07   5.97   5.87   5.77   5.66   5.55   5.44   5.33   5.22   5.11   5.00 
 10.00   9.92   9.83   9.75   9.67   9.58   9.50   9.42   9.34   9.26   9.19   9.11   9.04   8.97   8.90   8.84   8.77   8.71   8.65   8.59   8.54   8.48   8.43   8.39   8.34   8.30   8.26   8.22   8.18   8.15   8.11   8.08   8.06   8.03   8.00   7.98   7.96   7.94   7.92   7.90   7.89   7.87   7.86   7.84   7.83   7.82   7.81   7.79   7.78   7.77   7.76   7.75   7.74   7.72   7.71   7.70   7.68   7.67   7.65   7.64   7.62   7.60   7.58   7.56   7.53   7.50   7.48   7.45   7.41   7.38   7.34   7.30   7.26   7.21   7.16   7.11   7.06   7.00   6.94   6.87   6.80   6.73   6.66   6.58   6.50   6.42   6.33   6.24   6.15   6.05   5.96   5.86   5.75   5.65   5.54   5.44   5.33   5.22   5.11   5.00 
 10.00   9.91   9.83   9.75   9.66   9.58   9.50   9.41   9.33   9.26   9.18   9.10   9.03   8.96   8.89   8.82   8.76   8.69   8.63   8.58   8.52   8.47   8.42   8.37   8.32   8.28   8.24   8.20   8.16   8.13   8.09   8.06   8.03   8.01   7.98   7.96   7.94   7.92   7.90   7.88   7.86   7.85   7.83   7.82   7.81   7.79   7.78   7.77   7.76   7.75   7.74   7.72   7.71   7.70   7.69   7.67   7.66   7.64   7.63   7.61   7.59   7.57   7.55   7.53   7.51   7.48   7.45   7.42   7.39   7.35   7.31   7.27   7.23   7.19   7.14   7.09   7.03   6.97   6.91   6.85   6.78   6.71   6.64   6.56   6.48   6.40   6.31   6.22   6.13   6.04   5.94   5.84   5.74   5.64   5.54   5.43   5.32   5.22   5.11   5.00 
 10.00   9.91   9.83   9.74   9.66   9.57   9.49   9.41   9.33   9.25   9.17   9.09   9.02   8.95   8.88   8.81   8.74   8.68   8.62   8.56   8.50   8.45   8.40   8.35   8.30   8.26   8.22   8.18   8.14   8.11   8.07   8.04   8.01   7.99   7.96   7.94   7.92   7.90   7.88   7.86   7.84   7.83   7.81   7.80   7.78   7.77   7.76   7.75   7.74   7.72   7.71   7.70   7.69   7.68   7.66   7.65   7.64   7.62   7.61   7.59   7.57   7.55   7.53   7.51   7.48   7.46   7.43   7.40   7.36   7.33   7.29   7.25   7.21   7.16   7.11   7.06   7.01   6.95   6.89   6.83   6.76   6.69   6.62   6.54   6.46   6.38   6.30   6.21   6.12   6.02   5.93   5.83   5.73   5.63   5.53   5.42   5.32   5.21   5.11   5.00 
 10.00   9.91   9.83   9.74   9.65   9.57   9.49   9.40   9.32   9.24   9.16   9.09   9.01   8.94   8.87   8.80   8.73   8.67   8.61   8.55   8.49   8.44   8.38   8.34   8.29   8.24   8.20   8.16   8.12   8.09   8.06   8.02   8.00   7.97   7.94   7.92   7.90   7.88   7.86   7.84   7.82   7.81   7.79   7.78   7.76   7.75   7.74   7.73   7.71   7.70   7.69   7.68   7.67   7.66   7.64   7.63   7.61   7.60   7.58   7.57   7.55   7.53   7.51   7.48   7.46   7.43   7.41   7.38   7.34   7.31   7.27   7.23   7.19   7.14   7.09   7.04   6.99   6.93   6.87   6.81   6.74   6.67   6.60   6.52   6.45   6.36   6.28   6.19   6.10   6.01   5.92   5.82   5.72   5.62   5.52   5.42   5.32   5.21   5.11   5.00 
 10.00   9.91   9.83   9.74   9.65   9.57   9.48   9.40   9.32   9.24   9.16   9.08   9.00   8.93   8.86   8.79   8.72   8.66   8.60   8.54   8.48   8.42   8.37   8.32   8.27   8.23   8.19   8.15   8.11   8.07   8.04   8.01   7.98   7.95   7.93   7.90   7.88   7.86   7.84   7.82   7.80   7.79   7.77   7.76   7.74   7.73   7.72   7.71   7.70   7.68   7.67   7.66   7.65   7.64   7.62   7.61   7.60   7.58   7.56   7.55   7.53   7.51   7.49   7.47   7.44   7.41   7.39   7.36   7.32   7.29   7.25   7.21   7.17   7.12   7.07   7.02   6.97   6.91   6.85   6.79   6.72   6.66   6.58   6.51   6.43   6.35   6.27   6.18   6.09   6.00   5.91   5.81   5.72   5.62   5.52   5.41   5.31   5.21   5.10   5.00 
 10.00   9.91   9.82   9.74   9.65   9.56   9.48   9.39   9.31   9.23   9.15   9.07   9.00   8.92   8.85   8.78   8.71   8.65   8.58   8.52   8.47   8.41   8.36   8.31   8.26   8.22   8.17   8.13   8.09   8.06   8.02   7.99   7.96   7.94   7.91   7.88   7.86   7.84   7.82   7.80   7.79   7.77   7.75   7.74   7.73   7.71   7.70   7.69   7.68   7.67   7.65   7.64   7.63   7.62   7.60   7.59   7.58   7.56   7.55   7.53   7.51   7.49   7.47   7.45   7.42   7.40   7.37   7.34   7.30   7.27   7.23   7.19   7.15   7.11   7.06   7.01   6.95   6.90   6.84   6.77   6.71   6.64   6.57   6.49   6.42   6.34   6.25   6.17   6.08   5.99   5.90   5.80   5.71   5.61   5.51   5.41   5.31   5.21   5.10   5.00 
 10.00   9.91   9.82   9.73   9.65   9.56   9.47   9.39   9.31   9.22   9.14   9.06   8.99   8.91   8.84   8.77   8.70   8.64   8.57   8.51   8.46   8.40   8.35   8.30   8.25   8.20   8.16   8.12   8.08   8.04   8.01   7.98   7.95   7.92   7.89   7.87   7.85   7.83   7.81   7.79   7.77   7.75   7.74   7.72   7.71   7.70   7.69   7.67   7.66   7.65   7.64   7.63   7.61   7.60   7.59   7.57   7.56   7.55   7.53   7.51   7.49   7.47   7.45   7.43   7.41   7.38   7.35   7.32   7.29   7.25   7.22   7.18   7.13   7.09   7.04   6.99   6.94   6.88   6.82   6.76   6.70   6.63   6.56   6.48   6.41   6.33   6.24   6.16   6.07   5.98   5.89   5.80   5.70   5.60   5.51   5.41   5.31   5.20   5.10   5.00 
 10.00   9.91   9.82   9.73   9.64   9.56   9.47   9.39   9.30   9.22   9.14   9.06   8.98   8.91   8.83   8.76   8.69   8.63   8.57   8.50   8.45   8.39   8.34   8.29   8.24   8.19   8.15   8.11   8.07   8.03   8.00   7.97   7.94   7.91   7.88   7.86   7.83   7.81   7.79   7.77   7.76   7.74   7.72   7.71   7.70   7.68   7.67   7.66   7.65   7.63   7.62   7.61   7.60   7.59   7.57   7.56   7.55   7.53   7.51   7.50   7.48   7.46   7.44   7.42   7.39   7.36   7.34   7.31   7.27   7.24   7.20   7.16   7.12   7.08   7.03   6.98   6.92   6.87   6.81   6.75   6.68   6.61   6.54   6.47   6.39   6.32   6.23   6.15   6.06   5.97   5.88   5.79   5.70   5.60   5.50   5.40   5.30   5.20   5.10   5.00 
 10.00   9.91   9.82   9.73   9.64   9.55   9.47   9.38   9.30   9.21   9.13   9.05   8.98   8.90   8.83   8.76   8.69   8.62   8.56   8.50   8.44   8.38   8.33   8.28   8.23   8.18   8.14   8.10   8.06   8.02   7.99   7.95   7.92   7.90   7.87   7.84   7.82   7.80   7.78   7.76   7.74   7.73   7.71   7.70   7.68   7.67   7.66   7.65   7.63   7.62   7.61   7.60   7.59   7.57   7.56   7.55   7.53   7.52   7.50   7.48   7.47   7.45   7.42   7.40   7.38   7.35   7.32   7.29   7.26   7.23   7.19   7.15   7.11   7.06   7.01   6.96   6.91   6.86   6.80   6.74   6.67   6.60   6.53   6.46   6.38   6.31   6.22   6.14   6.05   5.97   5.88   5.78   5.69   5.59   5.50   5.40   5.30   5.20   5.10   5.00 
 10.00   9.91   9.82   9.73   9.64   9.55   9.46   9.38   9.29   9.21   9.13   9.05   8.97   8.89   8.82   8.75   8.68   8.61   8.55   8.49   8.43   8.37   8.32   8.27   8.22   8.17   8.13   8.09   8.05   8.01   7.98   7.94   7.91   7.88   7.86   7.83   7.81   7.79   7.77   7.75   7.73   7.72   7.70   7.69   7.67   7.66   7.65   7.63   7.62   7.61   7.60   7.58   7.57   7.56   7.55   7.53   7.52   7.50   7.49   7.47   7.45   7.43   7.41   7.39   7.36   7.34   7.31   7.28   7.25   7.21   7.18   7.14   7.09   7.05   7.00   6.95   6.90   6.84   6.79   6.72   6.66   6.59   6.52   6.45   6.38   6.30   6.22   6.13   6.05   5.96   5.87   5.78   5.69   5.59   5.49   5.40   5.30   5.20   5.10   5.00 
 10.00   9.91   9.82   9.73   9.64   9.55   9.46   9.38   9.29   9.21   9.12   9.04   8.97   8.89   8.82   8.74   8.67   8.61   8.54   8.48   8.42   8.36   8.31   8.26   8.21   8.16   8.12   8.08   8.04   8.00   7.97   7.93   7.90   7.87   7.85   7.82   7.80   7.78   7.76   7.74   7.72   7.70   7.69   7.67   7.66   7.65   7.63   7.62   7.61   7.60   7.59   7.57   7.56   7.55   7.54   7.52   7.51   7.49   7.48   7.46   7.44   7.42   7.40   7.38   7.35   7.33   7.30   7.27   7.24   7.20   7.17   7.13   7.08   7.04   6.99   6.94   6.89   6.83   6.78   6.72   6.65   6.58   6.51   6.44   6.37   6.29   6.21   6.13   6.04   5.95   5.87   5.77   5.68   5.59   5.49   5.39   5.30   5.20   5.10   5.00 
 10.00   9.91   9.82   9.73   9.64   9.55   9.46   9.37   9.29   9.20   9.12   9.04   8.96   8.88   8.81   8.74   8.67   8.60   8.54   8.47   8.41   8.36   8.30   8.25   8.20   8.15   8.11   8.07   8.03   7.99   7.96   7.92   7.89   7.86   7.84   7.81   7.79   7.77   7.75   7.73   7.71   7.69   7.68   7.66   7.65   7.64   7.62   7.61   7.60   7.59   7.58   7.56   7.55   7.54   7.53   7.51   7.50   7.48   7.47   7.45   7.43   7.41   7.39   7.37   7.34   7.32   7.29   7.26   7.23   7.19   7.16   7.12   7.07   7.03   6.98   6.93   6.88   6.83   6.77   6.71   6.64   6.58   6.51   6.43   6.36   6.28   6.20   6.12   6.04   5.95   5.86   5.77   5.68   5.58   5.49   5.39   5.29   5.20   5.10   5.00 
 10.00   9.91   9.82   9.73   9.64   9.55   9.46   9.37   9.28   9.20   9.12   9.04   8.96   8.88   8.81   8.73   8.66   8.60   8.53   8.47   8.41   8.35   8.30   8.24   8.19   8.15   8.10   8.06   8.02   7.98   7.95   7.92   7.89   7.86   7.83   7.80   7.78   7.76   7.74   7.72   7.70   7.69   7.67   7.66   7.64   7.63   7.62   7.60   7.59   7.58   7.57   7.55   7.54   7.53   7.52   7.50   7.49   7.47   7.46   7.44   7.42   7.40   7.38   7.36   7.33   7.31   7.28   7.25   7.22   7.18   7.15   7.11   7.07   7.02   6.97   6.92   6.87   6.82   6.76   6.70   6.64   6.57   6.50   6.43   6.35   6.28   6.20   6.12   6.03   5.94   5.86   5.77   5.67   5.58   5.49   5.39   5.29   5.20   5.10   5.00 
 10.00   9.91   9.82   9.73   9.63   9.54   9.46   9.37   9.28   9.20   9.11   9.03   8.95   8.88   8.80   8.73   8.66   8.59   8.53   8.46   8.40   8.35   8.29   8.24   8.19   8.14   8.10   8.05   8.01   7.98   7.94   7.91   7.88   7.85   7.82   7.80   7.77   7.75   7.73   7.71   7.69   7.68   7.66   7.65   7.63   7.62   7.61   7.59   7.58   7.57   7.56   7.55   7.53   7.52   7.51   7.49   7.48   7.46   7.45   7.43   7.41   7.39   7.37   7.35   7.33   7.30   7.27   7.24   7.21   7.17   7.14   7.10   7.06   7.01   6.97   6.92   6.87   6.81   6.75   6.69   6.63   6.56   6.49   6.42   6.35   6.27   6.19   6.11   6.03   5.94   5.85   5.76   5.67   5.58   5.48   5.39   5.29   5.19   5.10   5.00 
 10.00   9.91   9.82   9.72   9.63   9.54   9.45   9.37   9.28   9.19   9.11   9.03   8.95   8.87   8.80   8.72   8.65   8.59   8.52   8.46   8.40   8.34   8.28   8.23   8.18   8.14   8.09   8.05   8.01   7.97   7.94   7.90   7.87   7.84   7.82   7.79   7.77   7.74   7.72   7.71   7.69   7.67   7.65   7.64   7.63   7.61   7.60   7.59   7.57   7.56   7.55   7.54   7.53   7.51   7.50   7.49   7.47   7.46   7.44   7.42   7.41   7.39   7.36   7.34   7.32   7.29   7.26   7.23   7.20   7.17   7.13   7.09   7.05   7.01   6.96   6.91   6.86   6.80   6.75   6.69   6.62   6.56   6.49   6.42   6.34   6.27   6.19   6.11   6.02   5.94   5.85   5.76   5.67   5.58   5.48   5.39   5.29   5.19   5.10   5.00 
 10.00   9.91   9.82   9.72   9.63   9.54   9.45   9.36   9.28   9.19   9.11   9.03   8.95   8.87   8.79   8.72   8.65   8.58   8.52   8.45   8.39   8.34   8.28   8.23   8.18   8.13   8.09   8.04   8.00   7.97   7.93   7.90   7.87   7.84   7.81   7.78   7.76   7.74   7.72   7.70   7.68   7.66   7.65   7.63   7.62   7.61   7.59   7.58   7.57   7.56   7.54   7.53   7.52   7.51   7.49   7.48   7.47   7.45   7.43   7.42   7.40   7.38   7.36   7.34   7.31   7.29   7.26   7.23   7.20   7.16   7.12   7.09   7.04   7.00   6.95   6.90   6.85   6.80   6.74   6.68   6.62   6.55   6.48   6.41   6.34   6.26   6.18   6.10   6.02   5.93   5.85   5.76   5.67   5.57   5.48   5.39   5.29   5.19   5.10   5.00 
 10.00   9.91   9.81   9.72   9.63   9.54   9.45   9.36   9.28   9.19   9.11   9.02   8.94   8.87   8.79   8.72   8.65   8.58   8.51   8.45   8.39   8.33   8.28   8.22   8.17   8.13   8.08   8.04   8.00   7.96   7.92   7.89   7.86   7.83   7.80   7.78   7.76   7.73   7.71   7.69   7.68   7.66   7.64   7.63   7.61   7.60   7.59   7.57   7.56   7.55   7.54   7.53   7.51   7.50   7.49   7.47   7.46   7.44   7.43   7.41   7.39   7.37   7.35   7.33   7.31   7.28   7.25   7.22   7.19   7.16   7.12   7.08   7.04   6.99   6.95   6.90   6.85   6.79   6.74   6.68   6.61   6.55   6.48   6.41   6.33   6.26   6.18   6.10   6.02   5.93   5.84   5.75   5.66   5.57   5.48   5.38   5.29   5.19   5.10   5.00 
 10.00   9.91   9.81   9.72   9.63   9.54   9.45   9.36   9.27   9.19   9.10   9.02   8.94   8.86   8.79   8.72   8.64   8.58   8.51   8.45   8.39   8.33   8.27   8.22   8.17   8.12   8.08   8.03   7.99   7.96   7.92   7.89   7.86   7.83   7.80   7.77   7.75   7.73   7.71   7.69   7.67   7.65   7.64   7.62   7.61   7.59   7.58   7.57   7.56   7.54   7.53   7.52   7.51   7.50   7.48   7.47   7.45   7.44   7.42   7.41   7.39   7.37   7.35   7.32   7.30   7.27   7.25   7.22   7.18   7.15   7.11   7.07   7.03   6.99   6.94   6.89   6.84   6.79   6.73   6.67   6.61   6.54   6.47   6.40   6.33   6.25   6.18   6.10   6.01   5.93   5.84   5.75   5.66   5.57   5.48   5.38   5.29   5.19   5.10   5.00 
 10.00   9.91   9.81   9.72   9.63   9.54   9.45   9.36   9.27   9.19   9.10   9.02   8.94   8.86   8.79   8.71   8.64   8.57   8.51   8.44   8.38   8.32   8.27   8.22   8.17   8.12   8.07   8.03   7.99   7.95   7.92   7.88   7.85   7.82   7.79   7.77   7.75   7.72   7.70   7.68   7.67   7.65   7.63   7.62   7.60   7.59   7.58   7.56   7.55   7.54   7.53   7.52   7.50   7.49   7.48   7.46   7.45   7.43   7.42   7.40   7.38   7.36   7.34   7.32   7.30   7.27   7.24   7.21   7.18   7.15   7.11   7.07   7.03   6.99   6.94   6.89   6.84   6.78   6.73   6.67   6.60   6.54   6.47   6.40   6.33   6.25   6.17   6.09   6.01   5.93   5.84   5.75   5.66   5.57   5.48   5.38   5.29   5.19   5.10   5.00 
 10.00   9.91   9.81   9.72   9.63   9.54   9.45   9.36   9.27   9.19   9.10   9.02   8.94   8.86   8.78   8.71   8.64   8.57   8.50   8.44   8.38   8.32   8.27   8.21   8.16   8.11   8.07   8.03   7.99   7.95   7.91   7.88   7.85   7.82   7.79   7.77   7.74   7.72   7.70   7.68   7.66   7.64   7.63   7.61   7.60   7.59   7.57   7.56   7.55   7.54   7.52   7.51   7.50   7.49   7.47   7.46   7.45   7.43   7.41   7.40   7.38   7.36   7.34   7.32   7.29   7.27   7.24   7.21   7.18   7.14   7.11   7.07   7.03   6.98   6.94   6.89   6.83   6.78   6.72   6.66   6.60   6.54   6.47   6.40   6.32   6.25   6.17   6.09   6.01   5.92   5.84   5.75   5.66   5.57   5.47   5.38   5.29   5.19   5.10   5.00 
 10.00   9.91   9.81   9.72   9.63   9.54   9.45   9.36   9.27   9.18   9.10   9.02   8.94   8.86   8.78   8.71   8.64   8.57   8.50   8.44   8.38   8.32   8.26   8.21   8.16   8.11   8.07   8.02   7.98   7.94   7.91   7.88   7.84   7.82   7.79   7.76   7.74   7.72   7.70   7.68   7.66   7.64   7.63   7.61   7.60   7.58   7.57   7.56   7.54   7.53   7.52   7.51   7.50   7.48   7.47   7.46   7.44   7.43   7.41   7.39   7.37   7.36   7.33   7.31   7.29   7.26   7.23   7.20   7.17   7.14   7.10   7.06   7.02   6.98   6.93   6.88   6.83   6.78   6.72   6.66   6.60   6.53   6.47   6.39   6.32   6.25   6.17   6.09   6.01   5.92   5.84   5.75   5.66   5.57   5.47   5.38   5.29   5.19   5.10   5.00 
 10.00   9.91   9.81   9.72   9.63   9.54   9.45   9.36   9.27   9.18   9.10   9.02   8.94   8.86   8.78   8.71   8.64   8.57   8.50   8.44   8.37   8.32   8.26   8.21   8.16   8.11   8.06   8.02   7.98   7.94   7.91   7.87   7.84   7.81   7.78   7.76   7.74   7.71   7.69   7.67   7.65   7.64   7.62   7.61   7.59   7.58   7.57   7.55   7.54   7.53   7.52   7.50   7.49   7.48   7.47   7.45   7.44   7.42   7.41   7.39   7.37   7.35   7.33   7.31   7.28   7.26   7.23   7.20   7.17   7.13   7.10   7.06   7.02   6.97   6.93   6.88   6.83   6.77   6.72   6.66   6.60   6.53   6.46   6.39   6.32   6.24   6.17   6.09   6.00   5.92   5.83   5.75   5.66   5.57   5.47   5.38   5.29   5.19   5.10   5.00 
 10.00   9.91   9.81   9.72   9.63   9.54   9.45   9.36   9.27   9.18   9.10   9.01   8.93   8.86   8.78   8.71   8.63   8.56   8.50   8.43   8.37   8.31   8.26   8.21   8.15   8.11   8.06   8.02   7.98   7.94   7.90   7.87   7.84   7.81   7.78   7.76   7.73   7.71   7.69   7.67   7.65   7.63   7.62   7.60   7.59   7.58   7.56   7.55   7.54   7.53   7.51   7.50   7.49   7.48   7.46   7.45   7.44   7.42   7.40   7.39   7.37   7.35   7.33   7.31   7.28   7.26   7.23   7.20   7.17   7.13   7.10   7.06   7.02   6.97   6.93   6.88   6.83   6.77   6.72   6.66   6.59   6.53   6.46   6.39   6.32   6.24   6.16   6.08   6.00   5.92   5.83   5.74   5.66   5.56   5.47   5.38   5.28   5.19   5.10   5.00 
